15.928015729288308 13.796136577966589
14.870811203281615 13.642882666552008
17.9448499623521 16.12281409698784
10.733146159357112 9.82111931221918
16.99630549130945 14.954994033509273
4.743349771468801 4.746117595079585
2.0782111406201254 2.9191812205932726
18.903434253735618 16.810853898827137
4.569616506039315 4.846161562249786
10.609050296230194 9.589985270853864
12.66169885275507 11.40328065519587
17.483374166177036 15.698765331909554
17.793653966129334 15.262636416737974
14.655885102320934 12.592464555967492
0.008223983270663204 0.8527906657787097
7.071503705841162 6.841819259672505
10.769963735992894 10.294683203201835
12.16525887680736 11.055036476454129
4.928769912925359 5.319289776258561
11.817542140563022 10.420441845198416
