-2.5718538852833053 7.740170910780796 -2.8368452155407518 9.074765888242469 -3.1517724234436417 1.7721241905724612 5.1315477050650715 7.07271361319069 -0.1297497693839883 9.909276167408079
3.391468735739444 7.537583893587439 4.792025050202736 2.0677953047828277 9.048103814800276 3.19384202464784 -4.247126333093285 2.1906301188233734 -8.89786804048194 -5.955575203900883
3.982210192102283 8.473809376341421 5.244167958774567 2.5222801090154734 8.988307045834445 4.362236899690746 -3.929721716095596 4.589962188600977 -6.681409629081006 -5.76298229550406
-2.0487906079615774 -10.132893211057423 9.82555575811866 6.431620848002332 -2.5120888265123735 3.9492757608599907 -6.692169936338366 -8.040299908002272 -5.812945451175684 -1.8126741824797499
-4.112054040196345 7.4769441550531734 5.325052430465236 8.766575954306006 -7.84159777006519 2.8687474622226707 4.493776871857993 9.584454240062179 4.604407912137962 -4.860124597592819
2.0059677062220675 6.858452039132128 6.273227002195423 1.8609261404842592 11.257820665357912 2.736776888236501 -4.660709223752327 3.922531459529767 -8.398105452347648 -6.464666340079376
-0.429056287957545 6.513898248289533 -4.231022219740153 7.521057569340573 -4.046354651562212 -0.8205034912519031 6.095338715194804 7.785324008903056 -0.7713911900825096 9.984407560391395
6.8655844535096975 -3.2383216556187264 7.649419681470617 4.307941164329663 -6.146630267313585 6.977085139698106 -8.314714716820502 -8.681051976529297 5.480581869304267 0.2305700920770115
7.766571241976373 -2.9367101471078594 4.617697521038208 3.4929568883179765 -4.801766451210922 7.673589464115862 -7.650181584070145 -7.644238659183652 5.212735680378057 1.4032179633532817
7.333863751637377 -2.625381162772568 5.350948431781811 3.9181842535576847 -6.825456788667903 7.653375749021483 -9.271314380051987 -8.92313459460743 4.22655810552931 -0.4311445960945637
-5.8910459415597405 7.278764870867169 7.479219366799141 7.42347656144431 -8.067837306377317 4.086176900408591 0.21399563816802414 10.057739618481758 4.34967905932702 -7.750901740095596
4.88735710009103 8.698409093301292 5.463689037326941 1.6342330679427004 11.774782797040064 6.1588646652256696 -5.565794532026424 4.653871027960339 -4.765118789792653 -6.670893889974665
4.444615780353656 -3.474951110192413 5.037793214683882 4.113076032790015 -8.116654489891944 8.76640407807852 -9.306710420853454 -8.80107816633528 6.689310026959305 2.8108968232053413
4.046267272827486 8.669172982345758 4.9810582784965 -0.4996104484052821 10.555492733184089 4.87168532910588 -5.348383292910569 4.415276963336043 -8.906053703937511 -5.689492737575026
-1.2589321014364894 7.04097499108575 -2.055846864370569 6.769981087166112 -4.048796597872482 0.9474904323503263 3.0354894570248625 8.350173418291586 0.574776780938667 9.030130643405572
4.520508632563874 9.696397016871206 6.739772023911706 0.29586210574885696 9.405898864495787 5.809009134568525 -4.300433354472933 5.675931266370779 -8.843041666810235 -5.917966476421858
5.969164170771385 -4.7206348580263136 5.54930480548598 3.7941746102483744 -6.293201362535686 7.21988370573699 -8.081109352202338 -8.567061534102146 4.985757425074956 1.2459184754191222
-1.1824940108068853 6.704566554938324 -1.429174078410414 7.621164773114956 -3.9466603433924012 1.1241911831817546 4.902284910826368 7.419606829366792 -0.08483833213630765 9.515417581019264
-3.3776986213975007 8.590004701443537 5.417644143411676 7.644177409446087 -7.982818435857675 4.839063573538502 1.6946125623493522 8.71888404071008 4.389519696227365 -7.919822085761063
-1.4061740674657355 6.358761692184512 -3.3962912656550275 8.907663260086345 -2.8480620527955716 0.15331875014485163 3.4304171306789826 6.371544869362405 0.22283675736215258 8.076703094984548
-5.750916106900185 8.636732634146682 7.912264664557806 7.5891488678217 -9.85788836248715 4.264132734198686 -0.2042744865388375 9.817625027325008 4.420558519178922 -7.04339631687543
-1.151789327478856 5.255088539279907 -1.1663159997732742 7.712529539266938 -2.0344395923945857 1.328712634445194 5.15996263100037 7.437451206021993 -0.7540753395607431 9.104162409203832
5.851476706922863 8.858286771677532 6.765177856962137 0.6319982209414 11.081299314722173 3.3376173704536125 -6.118851466956611 3.3077410883777985 -7.006804761370203 -5.795499382760275
-1.4793019047004006 5.396331796678368 -3.151287181816344 7.589495543439165 -5.102261646092417 2.226718355926441 5.718610713374595 7.486596409692984 -0.9425352963990543 9.689114368865797
-5.201512243174092 8.004847634880266 6.065760499008834 8.472546218428258 -8.249417748988256 3.8497413844137114 1.5768099692479376 8.761070633471519 5.6592344704443 -7.502870159120688
-1.3109644550731447 6.299150150830944 0.06338738029229551 7.569133422875485 -4.492248184744896 0.8445240414729466 4.481984885270123 8.698352821000418 -1.5874094785942527 10.949755600997438
-1.7845707336465806 7.530897237677956 -1.7188068827216312 7.359557421122013 -4.580028387286458 2.2575634709566224 6.721416490813963 6.781328415911851 -1.7322210138132932 10.893502774230576
5.3342152578024695 -2.8716743664466913 5.730663958726212 4.217278841339929 -6.626767151930171 7.682270278685214 -8.561487542594483 -7.310162491863124 4.889901152103526 -0.14222715568155597
4.574009365638835 9.175409368985628 6.5289183602327485 -1.9956103730446744 8.977267308336566 3.644701691395209 -4.601673345130923 6.146523014233903 -8.080164568606163 -8.327661381756307
-2.101249325915148 8.556841588604085 -3.152830359688562 6.228299267229685 -2.8889923026098696 2.2891283669589413 5.503420292002681 6.071425055728632 -0.15344058786112447 9.203792786812745
4.07423585640767 8.696708341316654 4.703447263674133 -0.6914084803833289 11.3253536725391 2.942136096799212 -5.7294934800178465 3.4578098878710133 -8.240634921199325 -7.1353117832958555
-0.7970007888164183 -8.301603676765207 8.995309243250366 7.220701017019783 -1.4698950342450636 3.7487969583742617 -6.967816074349712 -9.725427436344747 -5.6201583245026985 -2.720214371643629
3.7919612717535407 7.574278276745927 5.544153212636475 0.46985672606673046 9.753187278779444 5.045296968826937 -4.998595480683469 4.777425258026446 -5.889672758649097 -5.799561790933783
-5.7047727554503 7.983917193684604 6.068247206805717 8.598579811093979 -9.948524515470453 6.1257036703115055 2.077002220352679 9.810384033265674 4.891179868490403 -9.340764078470327
-5.48059877725101 7.494563793620175 6.960196783054198 8.25242896468266 -8.14556278471054 5.242041514343116 3.5313998886085116 10.68893620758338 4.493782730831146 -8.304291317819228
-2.4671971173763327 5.1367646944590435 -1.8251152215926767 7.608556599544844 -4.212674446908518 1.8861196739558759 6.09982610392993 8.837658392491047 -2.375408870118436 10.936605019342784
-5.9808457984177 6.315642881972304 6.754691274426768 10.642660924964828 -10.393590110136236 2.9180324429234856 1.428357597630938 10.980320789169909 4.457309982390733 -8.006656226020134
0.397457155899148 -11.345409896081742 9.232072229831763 7.742534401216953 -2.3657929989394963 4.66867444585617 -5.64523396811241 -9.483271630598074 -4.780833794484195 -3.222913345768181
-3.3670103832390197 7.182516004140825 8.668547778544305 7.93487513191173 -12.30556454030944 3.7688759573398323 3.536290300673552 9.042051619625816 2.5059689245596637 -7.12614619384819
5.736524236010417 -4.863684599270053 5.530963996275446 4.483668653083717 -6.053020340239223 4.552368139677285 -8.556071145605252 -7.935055468883589 5.288014180918501 2.078323161725778
-4.905757568510018 8.109972830025036 7.236360830275441 8.319350674918802 -9.522409880029333 3.237977429808447 0.7293145563278638 9.465427965978112 3.682734871833749 -7.4991505836472
3.8324984389196906 9.28320323833619 5.84465514480361 0.33328130685618795 11.356286643485443 5.077432282748705 -4.492132181731734 5.999836486049372 -7.465588171947362 -4.945196981215884
4.630926944931987 6.920879987259731 5.141965932346126 -1.1048338891983978 10.158506918167522 3.1678124145837843 -2.73837834706403 3.769900982084205 -9.372485526601663 -5.32872120532539
-4.970586906832305 8.587805763418038 5.863109952409314 8.73047367917732 -9.026185916069632 4.961362964662853 1.1234807517208951 9.139803002968563 5.1539692380356446 -7.634221348994824
3.441011287339127 8.066146225611304 4.374595224718425 -1.072271922071644 8.956684454879596 3.5944237168360225 -4.57390756397665 4.473955977711037 -7.5319939097182775 -5.729189625589231
-1.6297389286116222 8.55079275452319 -2.794216942163546 8.45424508456172 -2.1952092576626843 0.4964679372602955 6.336002362703503 7.441082583337806 0.7491674118535219 8.926407970851216
6.186403464488489 -5.115451195288287 4.955694803668182 4.398264268113242 -5.975736131173196 6.879098343934335 -7.737253585361211 -7.814132647158155 5.852556952289532 1.310869447567151
-1.4475180050679182 7.4789125998904815 -1.364907560207933 9.843785343094131 -4.753866346618257 0.7857699812452392 5.906657515620652 6.1902090461190715 0.3178494074437297 9.409853416459377
3.203907647330424 9.628154079603151 5.847458808971072 0.48360053729636376 7.733501024684562 1.7755552035899105 -5.001312245110919 3.448460727593927 -8.562826763009573 -6.5263781431941865
-2.5892139757008463 6.212452697487082 -3.4020236324435325 7.556412771594374 -2.19402227456314 0.347739133908194 5.648207463492133 6.53590312697346 -0.4951348993408226 9.61011023283687
-4.503934101072028 7.405106691627255 5.176565450914216 7.195404580062229 -8.807953281177285 5.600898884507544 2.429716732526021 8.0601549411487 3.3565149291052365 -7.543949610343278
-1.938138738968191 -11.238807368302613 8.558514607534157 5.822309052755328 -1.198776800393778 2.1475242590525445 -6.044912039992045 -9.00502200956398 -4.298070647201439 -3.736588838805211
0.12090927040660393 -8.0647094610438 9.529483007162014 8.170808469904559 0.4815082135960842 2.607598238413049 -6.540034173089995 -9.238343256529701 -4.9625792206454875 -1.0921769610069822
5.172437547679941 7.575065532483075 4.297873269431962 0.05974836261211103 9.256591314498245 5.334565713742 -3.674588085065852 2.444526699950882 -8.418634537900331 -6.862586952602357
-4.089378293161351 8.598491938372113 6.142730852069627 7.255329312125733 -7.562970546188926 3.971852064118058 1.0952101178665061 8.722366426275698 3.2422637767156943 -5.805255844526721
-0.5537267081831497 -9.779518840161417 8.77987881227615 6.206702458431176 0.48372591177820623 5.109048675853796 -7.399173667544199 -9.42314035827487 -5.044213950675185 -2.957884950119367
7.066260351531925 -1.9340863288925787 5.942033370686898 4.3585599035306135 -6.195992299641121 8.314275392313945 -6.898535680740281 -8.289765586436951 4.588166903777952 1.0799871084427428
-3.8810894828503972 8.941070701214974 6.73777850749755 7.421777220435374 -10.208605323634831 2.513062845872362 3.1625470835374445 10.302224403942787 3.276306938115373 -9.432147304536397
6.035903000998109 -2.9385967817113583 6.3427690608564005 4.454823013664705 -5.11109194759624 8.670770985283088 -7.951821103929799 -9.077391005415524 5.113963465729805 1.9802193856532453
5.433883828139785 -2.1056689151155403 6.9581730212164405 4.076481023211226 -6.600852252398785 8.122743697804008 -9.463167159145453 -7.829246206927738 5.524105422266907 0.689199453683573
3.432179192890379 6.933712468685453 4.817700495039828 2.107745593322556 9.366668659112069 6.161100400080856 -3.848480292149242 5.025157119967396 -6.568786996003428 -7.162923807458117
7.45785252870005 -2.2480796871845543 6.994755707003819 4.015588892546855 -5.95239911741136 7.660585001931171 -6.277994137331264 -6.4944065249001515 4.4776606110775985 -1.0600105503005035
-4.059046869416919 8.007482983686266 6.330685388509522 8.525605240196485 -9.393549943618718 2.754882068569998 2.3640949432222698 9.31094440100437 4.984264771035267 -7.431901677842769
-6.394703503570532 9.97160370469727 6.07679713916548 7.443466025649356 -8.060493439056811 3.282322283096528 3.7046931500771043 10.197771477394117 4.297116709402272 -8.639370033371797
-1.4513705536582913 7.285570562342821 -3.248800063301871 8.052531604584823 -4.93606779716607 -0.47014305233349396 6.779742769847471 6.812362856326498 -0.6924350571017474 10.439801621095093
-5.014087166678687 7.943483946768568 8.052788883455332 9.488752770832555 -9.23204744076521 4.1582214701140385 2.9711273370546594 11.818341433753421 3.3550550384643323 -10.026142067301738
-1.9027671634141061 6.68590706317857 -1.1682056723523884 9.441863958872842 -3.530604686305182 2.1053128831766004 5.751895977452419 6.373752242228474 -1.5268847969423587 9.24551457252378
5.950737433140992 -2.1943612573867117 5.39669910270289 3.0833247768949525 -7.318987257428902 6.407222851895711 -8.628190207956303 -8.389097966875365 6.515634915248216 1.2283018249534856
-1.5176290254870977 -8.798864234531042 10.192301315311086 6.247300929628906 -1.0473507094657166 3.3289334315162025 -5.7468632283694845 -9.96309513207203 -6.56724988523526 -3.4765978122559336
-1.2281139144383653 7.527973814053574 -4.445385651975318 6.707607261092668 -3.0216531046444293 0.0890674219381492 6.527533190345393 8.883253119196633 -0.0053844342641093945 8.815579703308616
6.125990086676057 -2.3021545148799616 4.100012964017349 3.6823128553546236 -6.0154671075340005 6.18905478967526 -8.32665292363625 -8.321160450279008 5.499566608081802 0.3755104524809849
4.3068216494516625 9.522913746897737 5.414026217038222 1.1363670962300416 10.010194502731773 4.25888423786216 -4.115715965862196 4.478212120603363 -6.614289845854317 -6.5268172104536335
4.087903009582259 7.323857759673791 6.339576894037571 -0.14126376953703745 9.30197998063563 3.7467730961812618 -5.0992532622027635 5.818239399075628 -6.982397610801036 -5.146295734355676
-1.3506958573348222 -9.164661333530121 9.7897370070143 5.816698375502825 -0.2914257227717193 3.615702462131671 -7.223426043472658 -7.598135326968245 -5.595556509132645 -1.4957289345553262
3.9233844207993487 8.64273351578227 4.205137800289809 1.9600152615419326 8.770023781273181 4.111207724953047 -3.049837505551028 5.491563372624918 -8.433593225935498 -6.747326984553313
1.496036622884279 7.955470528496579 6.142017499347246 0.7823362326459954 10.175334334589182 3.0610399761112577 -3.8032197667334717 4.028131427703071 -7.139959091753147 -7.047742464796539
-0.29298247882736045 -9.170527452963858 8.579224661156195 6.371216631348064 -2.8250360728463035 2.2216915495888356 -6.941287809683126 -11.891074734005487 -5.2758130687209315 -3.225872936701705
2.8907268665472 8.434047611292762 6.131301134756552 0.3831390405894275 9.102524302587188 3.736711448936281 -5.550249712878483 6.297364839703266 -7.799202441908078 -7.9331154742264
3.6501974963266353 7.2122686747816145 5.3784347529974985 -1.6988996373281364 10.384064710677906 4.460650131762606 -2.4799484352604653 4.329688960137839 -6.934795021919921 -4.630981977459589
-0.61931236655308 6.938614258235134 0.1759023015611505 8.593822033741343 -2.5355925084424853 2.6961227180889145 4.655241195944536 6.729016519026559 -1.6392062711531645 7.748171215863542
-0.6399771319840244 -11.800175402270483 8.8470742286514 8.935241431666338 -0.8997495206517376 5.012529455164108 -6.785371978272295 -9.074623419134392 -4.329943103807163 -1.958292756362893
-1.7007467774727338 -8.568343286859772 7.851053523957986 6.581871941428092 -3.8850566279242185 5.494291419822215 -5.799023590994754 -9.556817389752947 -4.793194422148753 -4.065184558669683
3.778857536547038 8.824556681392398 6.467149392064697 -0.46039724857505127 10.007952106892663 4.920507078767219 -3.4380951741726373 5.5150873394856745 -7.8550412460064845 -6.416133992391653
3.3973451041670613 8.430918713258867 5.805848313474538 -1.06930962048404 10.353518562470565 5.074177027693528 -3.217082660424208 4.680021002710804 -8.466295811482935 -5.161943750072757
6.301990009019801 -2.9982497213844335 5.06879456784535 3.1726984597658188 -5.250893715326162 7.455121739845314 -8.15070407357719 -7.22891390837277 4.342141678129259 1.2780539967890958
5.071612685447004 -3.546673376465987 7.259076876316026 3.182270718329628 -7.00410674427695 7.793891545813439 -9.919899541818726 -9.133229638714395 4.950971186109505 1.712538741300658
7.215041552661038 -1.4566067708602142 6.7382890344141195 3.878006036283977 -7.069036065917491 7.325652066193724 -8.995231599003374 -8.489003268897127 6.125268687841363 0.344182652429439
-5.021573404863416 8.299072173988616 5.8881930478668725 9.696886872697933 -9.75959860980857 3.728573511158388 1.42975567117975 9.022432212538867 2.4199551816799154 -8.317882220524993
7.506882487369731 -2.5657092320163475 9.279976450500115 3.4463604126410026 -5.774666685875322 7.563398395381255 -8.105934592679043 -6.504646036425019 5.140006254614638 -0.14580412841568613
-1.7338980245953217 7.663073349709131 -3.9422284189945866 8.488643660004469 -2.73903189749938 0.00031075561826754416 7.226929154202635 6.591602158967336 -0.8860006917554252 9.748646276317672
0.1433840030692105 -9.38312887039857 8.712427719972473 6.2004271804917 -2.074083752175655 3.145512859951768 -5.935692000347752 -10.051193474329544 -3.8378310425805533 -2.824734756642965
-5.33826996466774 10.137185903824625 5.689231643538155 8.217024726810031 -7.300529159959254 4.6326009291488255 1.7142226470050352 10.6928280228179 5.321114033164901 -9.6789211067209
-1.0387954498074503 -8.841421922823816 6.895806849534776 6.816895647616867 0.4636139111354618 5.1025589617563085 -5.923165497680316 -11.623874012772747 -5.234352097946327 -1.8947248073052512
3.3486724926995013 7.512482372088927 6.359326145534267 2.7201828068483316 9.969177115967033 3.7247761956655525 -1.5269334090485924 4.393502211129621 -8.088784320521711 -5.520850948921587
-3.4869420253968233 7.211144112998866 -3.3017620643077894 7.5015979548951215 -5.01772835626053 0.24928405026564293 5.956468139280796 8.013113328185247 -0.4786963551440408 9.957159009250471
-3.9239667623576655 7.427506130533016 8.058718013442986 7.389094999280353 -9.504082754923475 4.705284913724308 1.5117575821294436 8.117233744284432 4.924350032045866 -8.950902891045343
4.708448720635686 8.737958906892468 4.924070412957477 -0.40600314525685444 10.866148225365153 4.728424786573611 -6.5838697267752515 4.520683230184974 -6.575529079808427 -5.893898296102266
-5.540106663480815 7.703745902804803 6.927404592411439 7.052924606919751 -9.218784229452313 3.8798496933203945 3.153230470144318 10.11055974056257 5.603833915433663 -7.44363239825196
-2.0373993382074818 -10.994084596310573 8.581092315964675 6.9595351219776775 -1.9856059733877083 3.786060225329531 -5.00368034318452 -9.813993761657938 -5.297882101169614 -2.273816492666427
5.551372380515822 -2.4072955036776835 6.246861552100503 3.4339492644562566 -4.574864685991434 7.597396839883168 -9.600432974620292 -8.626011969446974 6.192727409368781 -1.677065516007148
-4.366311535086819 10.1545612512575 6.905534191879499 7.556210204155068 -7.779333400154862 4.402310783241783 2.161420355381446 10.860626056620504 5.306099035021251 -8.309386235151926
1.8266309168320949 -9.229269782058626 9.95415991413175 6.496944792545216 -1.2464674389927382 3.8216585522558018 -7.011573483430318 -10.544211522423321 -4.366860146398604 -2.8121331737345576
5.586834825345979 -3.919036564688292 8.177556202983723 3.5880255027819867 -5.623525446721576 8.302320042522307 -8.482856673837667 -8.923093210537168 6.644525477338814 0.9862232189244717
4.02558926723022 7.066735989968874 5.9163308691620955 -0.18121041676023808 9.600370071088934 5.1377705565222875 -2.8118674122318774 2.981857131630626 -8.104098837629396 -7.222640888771014
5.8725956098186725 -5.883204162562743 6.219811558183686 3.565644174844735 -5.5038171971589565 6.963609213250466 -10.22253402781797 -10.148219534233599 5.523592930463316 2.1643093534073348
7.0815386119153025 -2.615700676604615 5.594086714186581 3.7826328456924134 -3.824742098358432 8.828886650673738 -8.91599362477452 -7.658065379252713 4.858000703641529 2.6034980843137294
-1.0301902617461665 6.648168193212872 -3.2308777918227216 9.775630108937893 -5.584004789166977 1.048002459379927 7.539887661265089 8.308460827396244 -1.7159213179620372 11.309305365239334
-5.917698321713475 6.939270019312224 7.143936746256332 8.054623105025435 -11.676415691985667 5.535104392583827 1.7620075120486682 7.884998690791807 4.114408228699552 -9.39007897267585
6.167729403677478 -3.441740180837523 6.148331567279668 3.4155213508453297 -6.738419826666531 8.514001559068586 -8.337574435848175 -7.976151271142118 5.37500970659568 1.820460008528943
-1.1943797557550682 -9.291758782751858 8.699088772331706 9.05928771440369 -2.0453332685042875 5.224709853183265 -4.842758042289246 -11.631928640335262 -5.207731511240489 -2.706643157901599
-4.895296510906398 6.300586781666232 6.816785524692132 7.359755744061628 -8.405551923666522 3.557051990907209 1.0414018715324023 10.189170720546088 2.270790827358393 -7.551634267824341
-2.853186798005154 7.001406330485679 -3.090769858165172 6.399333880943668 -3.244706669401964 -0.04655552280625819 7.186166250284407 8.043691617821873 -0.5097337163630753 10.330653578213077
1.6553218851552438 7.90117054400188 5.434330697239617 -0.8866288726413536 11.138888922225297 3.419525771053685 -3.3283861864490576 5.279222157299797 -7.391180612826464 -4.747544086357622
-1.9113208521942486 6.019150949578445 -5.21619641232544 10.62300850598001 -2.3080342111059657 0.7434046176111436 4.695353674830767 7.544719681661836 0.8816068043996561 9.848197415824355
-0.3534671604429984 -9.42414457356418 8.434053942362274 5.779204249049133 0.2109316967327457 3.2352254757828147 -6.247456235585224 -7.998628010630279 -4.109660066917327 -2.60360013233833
-0.9752258288395735 6.409235505550059 -3.196974040502391 10.080828206019401 -2.7199881618438213 1.950542793615352 6.107004589918047 8.101364003363875 -2.216499065440697 8.298400783094285
3.03416074097908 7.37056298020033 4.038337486356304 3.151054658483919 9.712078183524948 6.377740828570992 -4.902526622682066 3.2216740061924547 -8.061231957469266 -5.9391282835060135
-3.912132185500768 7.212834650936986 6.042795907003768 7.500913729596753 -7.933490640949147 3.5535073196447207 0.7438412801210366 10.039428327957449 3.2464897253538214 -7.398576088164011
6.5639059230779 -3.717402940635233 7.333930053124507 4.7536038940726915 -7.009345292711021 7.9787730275769615 -9.649115778434277 -6.9636953861401105 5.475208913903454 0.8823409434917228
-1.197782601455757 8.254943703428973 -1.4630225204182055 6.717108207524575 -3.8979342954858054 1.7139782771846834 6.211109935643673 7.451546764694051 0.1176701607646009 9.988819934646648
-4.4803270032459 6.001760888704468 6.39720989301523 6.2711662909876535 -8.817250878462714 4.074153366698568 0.7676418329135919 8.143690424742294 5.0176964438608715 -7.334162750048794
6.370701708482819 -5.162313021569721 6.344880373816726 4.104035295632091 -5.971595164459734 8.51625147257918 -9.745623668133476 -7.950061287209801 7.214583765143479 3.1552987030855086
3.703389265081608 6.7116400144885455 6.443224386073306 1.439309593168512 9.621172264701615 4.658301497412743 -4.297179143983048 5.873740976374684 -6.902640846105048 -7.124363380397617
-0.28964563681197725 -9.496154637723434 9.295294820943939 7.0541034267372265 -0.3281657532831228 5.049703201380563 -7.377289156210633 -9.686266531421532 -5.60617524568399 -1.7336731929290305
-1.631873019908792 9.170678314912792 8.26157602301485 8.176907824625447 -11.022601659562442 4.168726068043883 1.9720435160125112 8.489347358708597 4.658022110392681 -8.00952202965427
6.188981648889488 -3.5002275773670166 6.339490019230216 4.414316668236701 -5.518825187757278 7.076522294601073 -9.033828513079941 -8.979270732963267 5.061554576987732 0.4420426897204922
-0.7496992955251714 -9.776388494348657 9.125088172046443 6.097560664988055 -1.379390848305854 4.438809297375395 -7.02016442943459 -9.417595649366056 -4.5174915408575 -1.2841903408571849
2.04317271101145 8.012949060994442 5.022394583326082 0.6296497111908259 10.787510578722134 3.0913058606187915 -3.9747508246048344 4.052758006099592 -7.280996564130693 -8.790687179479287
3.072003388310462 8.050657404498237 6.978819841030135 0.3836535111077605 10.446442728716086 5.494582728813057 -3.563450923416311 3.722002203850093 -9.30953538871364 -3.982124591581392
-1.374215192956863 -9.42070853552414 8.254138897024413 7.404265912528534 -1.569472437787733 2.268654300659116 -6.838813818209705 -9.190882227075512 -3.780860488877224 -2.3787941710826646
-1.8812723419526298 5.833133978021572 -3.8163352574143827 9.03473199467276 -1.9031288709776455 2.174376178073337 5.400049148819107 7.664355531598399 0.2035546433304023 8.816511370452108
-1.5210876008890477 6.025373264377575 -2.8528603807772317 8.615446266346948 -2.5510219173196385 1.1544238675376541 5.7133061425907785 7.878993196458824 -1.4168954217608891 8.100194126006249
6.2486170863075445 -1.0007345024604026 7.587411769467737 3.826793133434967 -7.340333048844992 7.524263259832218 -9.335707806776595 -8.737147702875399 5.9082299001776235 1.4167813936190774
-4.952973333924819 7.299230855338292 7.914273707337384 7.216292954882684 -9.232281034103648 3.6976064679765126 2.4667486852370444 9.119244743304089 3.059585200957529 -7.263433250044656
0.38228679802178256 -9.760304774966063 9.03789883680071 5.93590809734954 -0.7770028283993722 3.1458165903939475 -6.274568378357534 -9.475589249878526 -6.332514866486723 -1.720770185304872
6.824751455716292 -6.273059628857942 5.060812688838786 2.2023943871089693 -5.383095344786543 7.453485762504802 -9.725379314778813 -7.9134910228445845 6.8330634375057455 0.9163088528648518
0.31481930801725655 -9.339581909791876 9.075386898803746 6.730521426667775 -0.8545167734270609 5.005599379679216 -8.077045359932384 -10.100819086781902 -5.967004495120962 -2.4392067284975343
-0.36487231442362217 -8.99288397030884 8.773903904095208 3.9540162763796993 -0.9134078757668753 2.5535128562759715 -6.1682073844065 -9.882061923691271 -4.8125379297942885 -3.340313506333307
-1.4302259768220424 6.286917307869097 -3.431230327619205 7.535723656896985 -3.405737681985308 1.4757507425614926 5.480564714733784 7.809456849480618 -0.34362993870098046 10.9704901367538
5.551168954414429 10.234097848412713 5.745458394005804 -0.7791286568996476 7.923791859611592 6.048763633920986 -4.915231607741269 2.7254372783795597 -7.441540385830848 -6.557390839275601
-4.3815031626501515 7.954351886930073 7.597191596499334 7.7416074093734215 -8.033198742910919 2.6660945981908766 2.1751853544524846 9.474664878716576 5.521792347412269 -8.338759205924896
-1.5233002531281796 -9.989607824821142 8.629383378535609 7.176839076080957 -1.965697248275792 3.2786839068686713 -6.156189883134135 -9.395725704877616 -6.018950008186965 -0.4947543659589382
-2.5071578966631 7.235587583162995 -2.5757239002801953 9.468599891203297 -3.745877791004422 2.6422870982720608 6.328495614320497 6.428105849879061 -2.5289303613529097 10.721152735916458
6.012073358031796 -1.2746237108611953 5.7226007947293525 3.9163435466816274 -6.9418864582301 8.635317412268291 -8.681584732072274 -7.536133477652901 4.86795590329025 1.0613549094498929
-1.011375131841841 -10.193465332761486 9.075627722806384 7.130199120654298 -0.47725526274487523 3.1683753836284785 -6.027973527659804 -11.386991290097718 -4.729839968150522 -4.044632291211778
4.838402074322602 7.249571084452951 5.842749841577787 0.9139350993663432 10.035238776457293 7.6125113646673395 -4.0170109631653945 5.386673570644322 -8.37689105277855 -6.49213477249124
-5.563186763895035 7.203082982554328 7.309057291986475 10.025516319706169 -9.789852111806015 2.9268262003891174 1.051580205917214 9.490283128139078 3.2710953148632536 -7.743917691694382
7.6357018713440485 -1.7160714384596665 5.189062662649256 2.0694273128970724 -5.578604549207766 8.70432707468071 -9.453477682502143 -9.873855531993506 6.151316986248118 1.5818700322452974
3.763717238977024 -4.128532732499575 6.7264210258741475 3.442344051535885 -3.9273057298263923 7.446896955166769 -10.864321783636978 -6.123636910380181 7.147681294246329 0.5176182360443671
2.799267014485022 8.834725028737948 4.7054382001379675 0.3377672284152664 9.654146773874366 4.656460731790115 -3.695434542959076 4.251345213194629 -7.508625247493991 -5.69963550246841
-3.443692032035164 5.904833891890572 -1.3206592611859924 8.748931201885235 -4.0241210979644 1.191158608943746 5.434179353532156 7.211667100984731 2.0120474314197563 8.864492980404172
4.561665177762005 8.6484934774525 4.800676893742464 0.2420781835591061 11.337014983923112 4.834453943584643 -3.8233329054607816 3.798877634649056 -7.735788376874632 -6.546550802987094
-0.11970259954219731 -10.38331476668487 9.359359542534847 6.409021668470268 -0.7717415362965292 3.447099882847446 -7.983001102984348 -8.70952167625436 -5.4228235955923525 -1.8427354236090707
-4.053912478015663 7.4557359974175235 7.160864669393994 8.688300811869922 -8.014134566034123 4.924984104250514 1.1069589360574619 9.3836295405237 3.896090428278725 -8.641991331965166
7.811542028745734 -3.573793585601579 5.818464802724432 2.4277721968802686 -5.48441964150642 7.111773862591625 -9.300624490569128 -7.93245713373736 6.865434780016157 -0.35397353855241476
5.463422955818405 -3.3986208058689495 4.793473151868328 3.64923375659143 -6.293171001608767 7.013874941524381 -7.630317692971687 -6.90270247845705 6.186055016304088 0.2543547458045481
-3.7672588255783217 8.025925691426332 7.126391390911485 7.853738339223871 -8.648035908092838 4.545185880017256 2.0179219964928645 7.647371579753514 3.606141298035035 -9.552740749437977
-0.7154968679428266 -9.925667211477094 8.467705081050488 8.01012639342021 0.43466341523496554 4.093346485384962 -6.754298048722038 -8.216472245747747 -4.0036554618172095 -5.252844641570938
-0.70265343927373 6.028370213492116 -1.4950688923609303 8.366647995877042 -4.380375952572717 1.3740297529074605 6.482628247815258 6.635928891347317 0.48972163112293265 10.537606568398218
-2.749079754804278 5.462599135882557 -1.6710838919270976 8.861391515052052 -4.215156300598381 1.2280394575983005 4.689917485573319 5.480595179448674 -2.2578767878713384 10.05352933120968
4.099746880006066 7.074622045937087 4.828100899366898 1.5570267674445613 10.075924964112584 6.3133973350730095 -4.218176514222687 4.7650117262772484 -6.809819943443149 -5.188513112674181
-0.027208851227889852 -10.675315581059166 8.262846317152253 6.30007798077987 -0.26480260195268224 5.170906577801323 -6.373867840113375 -8.289088743945667 -5.030495601091348 -1.3344523588870254
-0.3609493960516772 -10.92552923704824 7.977817699346755 7.682261205107179 -0.9739738604697574 2.9747672294488243 -5.841148816073524 -9.842865515378218 -4.1793516682774285 -3.34340184343316
4.247778547084436 -3.2953944669284705 7.6270236019606195 4.900523832032282 -6.72902780585436 7.781814618174667 -8.555766128130966 -8.062273174408663 5.338385698492395 1.7561480043555489
2.5336844566385226 7.643316521804215 6.636852151284168 0.1299204014761044 9.615512858096652 3.702660048218303 -3.8887565446219576 4.21772349248042 -7.187219295452416 -6.318858030584184
7.638577288981276 -2.9570460801211955 6.357297728343622 2.813414929375492 -5.530901526453925 6.715508160876697 -8.827881590306632 -10.25353336529987 4.984404668781542 2.9502159590883945
-0.9324823094349399 -10.792670854730348 7.5739834678811055 7.119930595351131 1.1179992167407842 3.491938577671788 -6.858443143193115 -10.72034987693512 -6.212667138135412 -2.496875127748227
5.802294882285907 -3.884901687919095 7.185810639058371 3.742172409193451 -6.545582366098465 7.912458568715601 -7.184646661016435 -8.048616179419653 6.199872588695924 -0.2427984778559047
-4.676015794203544 8.300381531290933 6.634176999378147 6.492555640751114 -7.468469301964883 3.6582999517435977 0.34190735764612046 9.39479568007375 3.8880574956516902 -8.194105697588405
5.682836000163836 -1.874678626921356 8.210342220186106 3.6163685749318697 -5.425707624225171 6.297727514179912 -9.0758250179101 -7.857409400383338 7.0888422997259095 1.5815074048261342
-3.0970818307614874 5.089800737861442 -1.0723955550190027 7.831475429706182 -2.9173783703851828 0.5205673606413892 4.245899708737884 7.560050345551867 -0.584984968982595 10.120930276917
-3.244313476616381 6.432049510342068 -1.261177401933209 9.428530573523142 -3.6720606933825137 1.2387353071830403 4.568998741104904 6.263881262174534 -1.4532676449978494 8.70425517344728
-4.609125124123498 10.271806212480985 7.823985401289854 8.141590355128802 -8.123764890883752 3.3648106552920733 2.5526178079350483 10.871702872679151 3.054226606397667 -7.935332367666714
-4.917011582650303 8.96825717261893 5.174848140566433 8.679731670135773 -9.443428799016235 5.827666529302851 1.3725422064250603 9.44251312260617 5.076774046884533 -7.755572114043016
-4.526596708093848 6.666055747046803 5.84436642732604 8.3373864571552 -9.414064727232573 3.4722741030144633 2.3425687073415578 9.068582706221347 4.515731046137616 -7.02232484460497
0.4461573263299121 -9.090220552267185 9.838354669911514 6.360558427897839 -1.0339029870345129 3.8261581561700995 -9.491827784989233 -9.186911778077244 -5.965800798248878 -0.9413026881525475
-1.278482088112394 6.15966338605735 -3.187691173374608 9.121000320314606 -2.9316807146459256 0.4179880905269936 5.549703126930975 6.2125126487652675 -0.7213946233725071 9.191671709551095
0.7068822755782374 5.207923226531836 -3.6208775360004624 6.7055505450564565 -3.5496599105214597 0.966044268409418 6.876122676606534 7.9475241354038175 -0.4003662750135406 9.996350617818019
-3.0820005287312924 8.29612744460361 5.971601655304961 7.917446489430656 -9.663772345967992 4.518137932131475 0.7992841363515508 10.219170957171233 5.840360523745148 -8.262013821394987
-2.8969578771828113 7.919004358593524 5.593033053360613 6.595755095541033 -9.857473409325767 3.6808124230420214 1.3725535513564817 10.020150820554596 2.630596149953336 -8.487757452276599
-1.0795779513160901 7.1639956005037355 -3.564498100949589 8.54354446341457 -5.30362686462655 1.2847975255009876 6.186076024557455 3.842879440194522 -1.094805669738903 7.5466958964984165
3.313058899060464 8.851641243166236 5.184113854605563 -0.6723422621381845 9.740400842863588 3.643280070686999 -3.1905213185172356 5.48084439165434 -7.47672794625417 -7.401759570093463
1.8321655299238568 9.428755293457305 6.866953270356602 -0.16121247821718976 9.133444212017604 5.568153127650683 -5.166017727751288 2.5119544633651234 -8.39033587707643 -6.888429040175659
0.16450459497894965 -9.451221224189661 8.168031733468249 8.159256261594475 -1.8793324181249482 4.139192489877269 -6.766023216143905 -11.737931668431072 -7.228307295397656 -0.9150630296354016
3.160673317097252 9.1236562839446 7.105231052409827 0.39779838672400203 9.668649023718343 5.0612656135341965 -4.963410560044933 4.052833051880809 -7.094341273609447 -6.701256818954038
6.149540456457967 -4.310400462765566 8.097894650998592 3.6306132502208572 -6.9113572723478445 7.678394822265919 -8.41306499253552 -8.372202960278635 7.890936835107613 0.939764266339386
4.8689388796207655 9.305276258277015 4.8207459053073425 1.8471146470944455 11.505164394148796 5.518798994750093 -4.443862689249379 2.009141573472653 -6.06870179984764 -6.19629649759901
2.0092276639813234 7.5573997100525165 5.445217419146327 1.4145758491674836 9.98251603161859 5.547516454998861 -5.1121702290318 6.2326955364065295 -7.511536120444658 -5.841883325729379
-2.7658117498498918 7.173474302113942 -2.192130751456788 8.466613167140327 -4.574525313619033 0.6832308603482894 5.991845131951476 6.437478045825604 -0.2928198773898911 9.94531346478101
-2.301685587057327 7.186470094646932 -3.1150238680473405 7.491039182827824 -3.1469033764587744 0.6727297879389976 6.541709939076844 7.112977452076024 -0.2764162464151404 9.065130299472422
-0.29771540256327755 7.042959097770365 -3.4555392907589226 8.371363764973026 -3.4487315315966134 -0.5245984654342246 5.225152768598937 6.371458828914242 -0.5434261279644629 9.686515524056782
-1.708151208699059 -9.772576428313005 7.790284079669601 7.638075799311689 -2.403675812823301 3.82035665018644 -8.187479426132878 -9.00630468731944 -6.270556559623543 -3.735332356962066
-2.072575525168332 5.457072048944981 -3.4950794929087063 8.456506580858894 -2.8665382349957227 1.6600055286563045 6.012282119507778 7.018420139627419 -0.1341474705043283 8.50364241980996
-1.2059318745566538 -10.631085398316923 7.871198664828804 6.4034986239622125 -0.25998650238254706 3.888167268678639 -7.718184686716037 -8.916561087997344 -6.28945735562125 -1.8976790827681715
0.23092733930051135 -9.779602006832318 7.010398697126984 6.91447000598782 -0.47864735489993043 2.6683449236568393 -7.108906331473943 -10.060724019493414 -7.746065799767498 -2.612803162912258
-0.531861189444852 -9.738978400666097 8.506071872404986 8.678811217379645 -0.9112576941803162 4.039840005148757 -5.742977600237868 -9.11633599437769 -3.1177085042675925 -1.4538626398424248
-4.121876896416383 7.418036209268172 -1.4252586746319174 7.462562913776754 -4.973417380280755 0.776841483996773 4.363742722989217 7.2479419237647935 -0.6287406072279719 8.237403889166593
3.813027418815597 8.359535275238585 6.572263215155845 0.26682056003836885 9.8452802364118 4.07895700666048 -5.299851137112791 4.663388897875921 -6.051790503284058 -6.528217583053565
0.991721690101756 -8.337133584766093 8.995484877129142 6.759474304770897 -0.8407007170432377 4.299882212821272 -6.701133440604124 -8.013651398254627 -5.606546480173036 -2.6402926710666734
-2.1956164483374803 6.296599447681765 -3.7835948875855805 7.954504432257634 -2.9863901195659803 1.7360362110533236 7.208539003368903 8.511358407810457 -2.095944459266528 9.037909943947186
-0.7206385360387202 -10.194578574408816 8.610577445743312 6.575381663283832 -0.7791438119443823 3.355678792942752 -6.892678345228671 -10.694799048226917 -5.4877515044215635 -1.670232612459012
3.044043371933561 6.380305866752639 4.753012131430443 1.1525808564188254 10.407467418873615 4.55154827153013 -6.071904940831558 4.913254964673087 -7.5958995581905 -7.091253196241544
-5.240982503690097 7.994537263000785 5.784044303254839 7.601550045880118 -8.771079943217394 5.505930165571859 2.0135878497806794 10.202737702861809 4.461404790303157 -8.087481738734335
-6.3754000095377155 8.566953541505752 6.554156148017323 7.2791686911174835 -8.244164355639098 4.367546730582595 2.0433263449046644 8.75440001184631 5.354388986485128 -5.7981615684402765
-2.0468550059893307 6.2551265460817165 -2.2662432001117883 9.094280812022303 -4.368339786330912 1.1982995077936334 5.643004618161395 7.541990561964385 -1.746261103447377 10.623525140480961
-4.145488343308258 7.149036727759293 5.789829093771835 6.984769971166859 -10.330969675746815 3.606490982352209 3.601032100923908 10.343864064246226 4.345953481112847 -9.622494984472864
-3.2607488201570325 5.883508114047456 -2.6377538881544784 7.818246506025013 -2.086886039514188 -0.9455230753858279 5.477374430528869 7.595618721560686 0.2562315986439816 8.96153257164209
-5.537447602051163 7.1899583029428324 5.940055272835337 8.287290573449052 -10.989321130329056 3.7855750249266733 2.275168122180588 9.305558302169752 3.59181505534616 -8.061408205274489
-1.412109340604378 7.927072635561768 -3.065294489484045 6.819204267407626 -2.2573687914361438 -0.7829957167108024 6.339956354250636 7.095767627697339 -1.4490614547430067 9.43365156435254
-5.268996688204347 6.340830767520205 6.018768283499236 4.913473211066512 -9.66169393734001 3.3592512151596234 1.6940353560758479 7.88409288487605 5.169441033436292 -8.066233970883124
-5.166370424481663 7.506400777914124 6.79652484748297 6.805325481765037 -8.435986408883702 3.9057740963236918 1.302504852318087 8.204210562089974 4.257230591516671 -7.544734380008253
-4.955070003127471 6.2120713438454835 6.331938196902561 7.757324598156202 -8.015132095662214 2.9233003039132397 1.8858310640464095 10.983714148555242 3.7618790137458222 -6.361057684500781
-5.136739281791431 7.08898615991664 6.075830620578608 7.892389742413368 -8.38924754709408 3.4980963195563697 2.4739820347014123 10.182437526361122 5.055089132937965 -8.83826232599114
-0.13340471247860974 6.055655951403606 -4.943883815952236 6.8404751826435755 -3.4734769836544794 1.048103678575725 5.920186354194184 5.2686700911832895 -0.8476743206516444 11.972506374120474
-0.5261560578097241 -9.11468819061628 9.874454172265267 8.069797435575666 -2.4242448936508136 3.9349014188670473 -6.031037566045956 -9.624526892164514 -6.94126938480543 -3.7390834710915843
-2.2373641880419575 -10.602991281020318 9.1369052771297 6.452831265142299 -0.7094566188077527 3.545875537093982 -7.817315058032559 -9.944614929713648 -4.95978487001498 -2.7954722245355685
3.577220318806038 8.84603895294477 5.357985379626344 1.375372030602195 9.775499287229707 4.178568872191027 -2.3554472603313474 5.0306633567958805 -7.048658764930089 -7.360369142997308
-3.212532602038661 8.873449493603415 6.600891598565101 6.036273244069405 -8.513326857870384 4.5643191901251985 1.3187105477880718 8.603542947401907 3.1740460193882285 -8.696697148950275
-1.2201751071308249 6.363984301223743 -1.1520058309573467 8.293704561171978 -2.589439535520275 -0.5612770655485568 4.102288701403302 6.292767986920618 -1.1422999713548503 8.246888937216196
-6.39228599658071 6.256142863656887 5.942565698742781 8.878767125023478 -7.638609189230827 3.3491285681115626 2.153576644774707 10.094408088810525 3.729264513694968 -8.721001123856158
3.9227960489260236 8.436831387310342 5.971161272875533 -1.098855946077395 10.614341381520969 5.267860514877218 -5.577659481132686 5.744041390178939 -8.471735186109605 -5.269811333093861
3.5971946157899617 7.218647681180116 5.560027680371071 0.08379776623477736 9.593576133848812 6.175825332002306 -4.413288814364257 3.594689973597725 -4.627857194132287 -5.818703476462568
-1.846072822955223 7.02238854211834 -3.085865570299182 8.450505589694652 -3.3143849818049618 2.365761887658387 7.362303007717889 7.235194159091996 0.14053772821800936 11.108185824820717
5.645366365576587 -4.37276826618626 5.594021353784379 1.2333733469716743 -6.602164842364026 6.925919985960552 -10.299274671887973 -10.801802985459357 6.058661992191094 1.5103913969716105
1.1765966080540071 -10.27838443126969 7.336773880680284 6.343583095992286 -1.5324798611192976 4.279551083780437 -6.299465890663234 -9.139462908691366 -5.959666308406657 -2.2014948431791055
6.001388639841178 -2.490991947782641 7.200653751540923 3.421331139995122 -4.225173305493099 7.436523795477222 -8.901155749144378 -7.641375844132378 4.949258490484946 3.5824156442204322
1.9092876522088533 9.549985227921827 6.638402319845658 2.573445826376266 8.711002051886538 4.852702672950361 -2.5029885655256203 5.452951203601308 -7.563326556460794 -7.299947821014964
2.8514739107281653 7.32277711332243 4.971061052179193 1.419797409572451 9.933823955720612 3.5616053975593234 -3.956168129874769 4.042806935878371 -7.165647391116915 -6.832812084489845
-1.9281130524832495 7.415620672036253 -2.869800292399315 6.2292516357750065 -4.998900068237408 1.7868346246653681 4.247034810771732 6.749478877611408 -1.402344503501324 9.240508454304793
-6.184574327225885 9.5963623819699 3.7487677775677546 6.99991480347883 -10.38968077888602 3.5825776799239732 2.251018035167576 9.599162240572918 5.109257740238603 -10.083172016173592
4.196497051564121 10.534095187525281 5.64427627609657 -1.3356897998262058 8.754038735844059 3.942042850297558 -5.340437439263658 5.900510171535327 -8.744020125708463 -4.660805205544133
0.698895656956416 -9.738491671122881 8.458223707057504 7.214330338075548 -0.06527083995239269 4.333709986098493 -5.653042834086403 -10.285946861420172 -5.271379607830408 -1.0229308452709642
3.5048014608372386 9.925485725807834 4.132483112688608 1.2867260800830216 8.811499002128762 4.868917784431973 -4.604604838320967 5.798040825057563 -6.711511201854898 -4.806457748887328
1.7908924060180564 5.97736825521832 4.536704677761285 -1.0018755796807752 10.490128758741339 4.748964331007538 -4.105124332802873 4.083984461530027 -7.389280667906158 -8.584503280807553
6.620202912405512 -3.6087524304240177 4.059287578764186 3.335997150400214 -6.445587979674909 6.9685826974368466 -8.052361314847966 -6.376682596082075 2.7965909920733707 -0.6005982740217941
-0.7676328147782632 -9.795680521316426 10.224129520187304 5.66440966091817 -0.9341528442372976 2.8274953999516086 -6.454909953687004 -11.769801935816844 -5.824234988362419 -3.7717124866813956
1.8476772949281002 7.9018112185406375 6.933374758672954 0.5776341979230255 10.34093306068962 4.023850765311196 -4.4652487225671305 4.541141157548748 -6.077502098987068 -6.135100477049818
-1.409814414916076 4.486181689574634 -3.7612797451187037 8.606545951134517 -4.449925673243467 0.2744262603751504 5.587553857632587 7.835854408781369 -1.6117890895653522 7.501743539537793
-1.4527955688567231 6.556183195003359 -3.0924563708553627 7.792734288203793 -2.552806026537535 1.2737810822135778 4.646732626092968 6.476393785032908 -1.1849939866563595 8.634613158809064
-0.7051962285723579 7.546037944873504 -2.3931562226700276 8.747286309846915 -2.9280340776499703 1.8222805036957657 6.548564492097885 6.923507887910615 0.08018666475838987 10.128390758589608
3.642197090518464 7.312779992444635 4.443215411740907 1.008964869866865 12.158887079999298 4.2031494585086335 -4.132515419145513 3.1782371215214797 -7.076428794097204 -5.659543329390949
4.087861756924335 8.93366340274741 5.1325986347331165 0.7122616044757246 10.136756764306 3.16336428674504 -1.7956456339626898 2.711380880041905 -5.589667301436803 -4.20630786784028
-1.8168520561217647 -10.510786429525023 9.081796743814413 6.019081898154791 -1.435314478115195 3.1817690584278737 -6.392084623611765 -9.459486809731322 -4.674349225031935 -3.3896211243079577
-1.1377610282483501 -11.056338785927146 8.252690785777135 7.965712758408173 -0.9077587502462925 3.7774359670586817 -6.901824729826257 -12.303686019058695 -5.133122029662078 -1.604713764233293
-1.8249157543865357 6.37809149373267 -0.6451634756321529 7.235072702246616 -1.9113291754117117 0.3876538460064758 6.596341657128443 7.076257600474311 0.5406686506557179 10.481689041753624
7.464874307465056 -3.349639274125819 5.641967933117192 4.626692400066978 -7.058879361924598 6.246260213105309 -8.87418986086822 -7.835705963845961 6.431644515232351 3.3003582318617704
-3.258334205090393 4.826638903026886 -2.238494178387641 8.02425257810232 -3.1750323506770175 1.0754596208303604 7.739171270025121 7.0522494935011855 -0.42854100045699517 8.937199963319356
-0.125501155470518 -9.53226787808339 7.0610715994777316 6.427422769576572 -0.3953382719281874 5.469769878466661 -6.331320137516337 -10.434232233334873 -5.68993900431911 -3.2825862017641154
3.053282276669587 8.609701750805916 6.5028567996717355 -0.27999566750097193 10.740462683785681 4.492739752481712 -3.1483312196671056 2.3755641459239074 -7.345223492793337 -5.541001520911616
-0.39392610066606026 -9.24363035660541 8.998511480708048 7.732932298637463 0.3871831745160692 1.2598362480642753 -6.7941135436654285 -8.738312671246236 -5.6711722729443235 -3.0835605870468044
2.5141646668586457 9.722518082762596 5.719019358753212 -0.6518617264557913 10.39403429521397 3.6137176883033897 -4.988498721112743 3.7510877599800847 -8.58139476928945 -7.524046129234875
-1.2632290536091042 -9.499829008040775 8.83129421149919 5.1062496918149165 -0.06995269057910547 4.3802356589813085 -7.240718415667679 -7.6996449785899115 -4.599142978771288 -1.685300662874166
3.1731699170409042 8.063377408428805 7.041801788733922 -0.1779936877526611 10.812496670498007 3.384290115095616 -5.11983908318805 3.188248445611369 -8.471424917047136 -6.132611365751762
5.243045884086228 -3.351120236550058 5.670784438167202 2.2979957635900483 -3.3919052167090373 8.042877311288766 -10.640026510277153 -8.685130875405529 4.134210167816873 -0.4947086976683288
6.877083196945516 -1.9807942041033901 5.085904249172702 3.5268244095338726 -6.388644240892171 7.420879770042168 -9.31112764126028 -7.630500129851073 5.071065516217845 1.7641626536879436
3.412562494045004 8.123337001600694 6.3223601488855055 1.2777058652782625 8.321169725168968 3.2222598467064554 -2.715939277799278 4.668962207668484 -7.5785616860162035 -8.043218764364765
-0.2499475499540147 -9.563210106026771 9.482221090419024 6.782196388325686 -0.6566457140418384 3.566236696809792 -7.809257499219598 -9.632152988979168 -4.693415847615296 -1.8222187864102337
-4.769347664594155 7.326329265288342 7.44256631349375 7.651744976848966 -8.943418188425797 3.3049725425329317 2.6302233721894765 10.071549369481422 3.10736200745268 -8.237046225093922
5.523203648590211 -3.6629150220327222 7.0280381044906 6.198560412540575 -5.164259839948632 9.57461286484179 -9.24519428491304 -8.056615709249185 6.825468155986512 0.4168317702107126
-3.4236777692188194 10.434158524424678 6.143470335831111 6.899473625736857 -9.606435722546316 3.982400633610563 2.0032305853943173 10.620104856368258 5.59449075795857 -7.3674455359553885
3.4876319135179026 9.594927473325773 6.028858446973741 0.91458235892846 10.01242011840439 4.577485265734567 -5.166398456164547 4.549718591082998 -8.100726431801347 -6.6917843794384995
-4.960789366710557 7.5753973966924475 5.260606591162251 7.501820660832271 -10.407255892333145 2.5659336489352715 2.858509312691504 10.02854898812198 4.368903320566979 -8.101231292721733
4.717880394481701 -2.7557541142911415 6.694446288059131 2.4477537123334434 -7.186153385777362 7.8488513861437355 -10.47592110105416 -8.408487745139139 6.293182269106298 1.5503284431070696
3.6830186368874083 7.006231599899975 5.202121982006773 0.5986338846858472 8.571256732589713 4.401133372517475 -4.945499519916434 3.89118510846966 -7.610547438282499 -5.60351180658682
-0.2145157117716402 -8.497889401094477 8.385275978551467 7.605955717096178 -1.8185134202833337 5.491118479447054 -6.090434336667496 -10.588464113497876 -5.968151238668981 -1.032880285911669
4.288116831041534 -3.384662292529771 5.598478596468072 3.9631720794448473 -6.449113624778976 7.515801223179613 -7.291309153844548 -8.07351231276329 6.608858981734624 -0.3389261562058812
2.2181495220743597 -10.030538873517454 8.497108551183423 7.618616107390469 -2.0762602027647548 2.386142420888397 -6.2974606718274435 -9.853210903853563 -4.934509329900607 -2.3105339901898354
2.2363949835808032 9.879353337714875 6.665312089583839 0.6073249001804695 9.654634471332395 4.148379811016739 -5.859232316489763 6.606109395470174 -8.256581120932676 -5.643774360120665
-1.7689777891045877 -8.971607940558052 8.92688103884868 6.079625126429478 -1.9564177601024568 3.618842350097903 -6.300729896788473 -12.114369272221305 -5.15805144240771 -2.9009094548159093
7.850230959554274 -2.9522562691453462 8.198824706803045 4.244357400286688 -8.70174593481926 8.759639862495286 -9.501547257378393 -8.355251022143284 4.985485043803573 0.729644984155349
7.203516421211295 -3.237674141828274 7.4036952667953555 2.638965415897853 -6.193869761046428 7.231747074026627 -8.353339109959846 -8.65346106449039 5.407615949084444 0.6489655401200858
7.308879706423331 -4.168459436318712 6.176208965905294 3.7857291497811314 -5.690603309416547 7.118468328625725 -7.5682872650880855 -8.433659440225874 5.810274835792381 -0.7660213640827143
-1.0035399709692374 6.275307677511935 -3.7238612419525334 6.444051829253349 -3.69382101199328 0.012174458428726442 7.638077228056796 6.747738200657028 0.4689317068950283 8.148324263845767
-3.9116968889374015 7.011949370934558 6.337665737091916 8.014675645358565 -8.379527251435782 4.1979155627488485 0.4230627456143934 10.147972562543643 3.6866924850872143 -9.619777183764569
7.583887475046151 -3.6043556981681535 5.161039647253692 2.235742082308035 -5.751266177965731 7.2652876375771065 -9.199756480035362 -9.917357179726602 4.587752742255722 1.1571304891961807
-3.4934512534001394 6.863465693031927 8.23904570998253 8.079350500480036 -8.836396203772363 4.042509854827246 2.925390884686322 9.388875063805578 3.566680036476358 -7.150034976656798
0.024623550069689082 -11.66924543666167 9.397974868767324 7.473837964443313 -0.9612216023776488 4.491702702120049 -7.20225746924062 -9.902709391558783 -4.972197167745711 -2.39159374413552
7.922906483440731 -2.040075379996085 4.691629825752399 3.461364172665506 -6.194447535934122 6.625936399692188 -7.781864901263663 -9.148925074976562 5.475373869399245 1.9545886622817439
3.232585241879744 7.197161897624811 5.549461548723459 0.9622750630700214 8.852379715286787 3.069904120116412 -3.4562814771844037 2.661875503234922 -6.131401583005712 -5.645578405415142
-0.4754266525661655 -11.015514961193823 9.92341830185848 6.758132186451045 -1.2912378276293022 3.0783329067060228 -6.539942078271597 -8.742142989706906 -3.480701155534077 -2.3840838875258914
-5.049594005000303 8.720265848452302 7.394071367071529 7.656333209100771 -11.258569804410298 4.6896050073871685 2.4404138556110473 8.09012289362483 4.5323064270229985 -10.645898272566374
-0.4285750327179386 -10.51087939336596 9.225140814117774 7.55946965054927 -1.7074871047525002 4.048400663185242 -7.618585067158721 -8.589428603684729 -5.047120377813139 -1.181471273735937
-6.024209113484999 8.371745488587317 4.541512143063793 8.907961172881702 -9.466508264751882 4.039626412831819 1.6084691047816988 8.833393277865857 6.006080070970376 -7.148537715012665
-2.5843958322623983 8.465369824918701 -3.1467503466333797 9.91848812909397 -3.9712079524130655 0.6136317438414751 6.56204379557565 7.535363065891333 -0.7195217400359114 9.044782459641882
5.800007267129468 -2.74475163562244 5.973385206218489 3.591263766002153 -5.760096030542573 7.057565866571699 -9.972429758179842 -8.639747368455751 5.012251390865739 0.5965745058839185
-1.9403876523118282 5.625629374599351 -4.502675378363707 7.244538780653144 -2.795404897145538 1.4517196978081148 5.9283464367748095 9.139681361322355 -0.9643928128103634 10.31934068004577
-2.2246363153976683 5.852864672032587 -2.592631163468107 8.938470261702129 -4.938341933214158 -0.1737033638894836 5.732021999561415 6.392086717007713 -0.4077033842750587 10.294450954405539
-2.333661482821414 5.555839783232846 -3.3744297396728884 7.122108359212551 -3.495012526220636 2.4926827698517844 7.135925500295736 5.400049843403175 -1.752834391452736 11.10137963899734
7.099466305612797 -3.1565365521869393 4.727702631849988 5.44657924342114 -7.312133863193855 6.978940781293002 -9.537653826461788 -7.469625992872465 7.17434815584931 1.489586078207193
2.9451810977286095 7.779584379322982 4.997765763384811 0.9715929904194662 10.232170065730086 4.898786242685654 -4.7453693783391415 4.262794131755176 -7.34811730651358 -5.130110825891435
-2.1268709848525016 6.055398282171985 -2.2142723687436727 8.532284017280448 -4.7871851596191695 1.8564324551085176 5.585705585761153 6.2554001682244404 -1.5630099976271965 9.00164912015107
3.1436981512241404 8.103456568740564 6.134495526146748 0.1915775941246528 11.408788715109948 4.680777363691398 -4.684353616694565 5.297135745122012 -7.196380882966365 -6.3890808338358305
-1.6326648399055497 8.33875211407749 -0.0013050507014322754 8.625838856794465 -3.7834798106002734 0.9520532614367381 3.8193031368025814 7.139376693700718 0.8058596452189222 8.414379963741924
-0.6099278417295233 5.063486428958914 -3.2004654550947125 6.35244492256127 -1.906675964716596 0.3193870053001714 6.333789287956497 6.73003708466295 -0.8224564626067632 10.004037102064506
0.9369514542295263 -11.653090704261441 8.618172756452491 5.436460702981523 -0.5423585765329828 5.09535762714065 -5.569040068989951 -9.058132273240194 -5.766460412089829 -1.7533869106704811
4.398038188855761 -2.737169981729935 6.117356773356548 2.506779889000152 -4.33768152798657 6.931034409655322 -8.651144772031078 -8.089862725572507 3.2425703723410493 -0.6548767306937271
-5.647939518651455 8.131980357505906 7.2112095410437105 9.306414499577246 -9.15857356969319 4.293341334116144 -0.0719213720913352 11.221046025316053 4.304260613685509 -7.298045459542073
-1.4322898750094817 -9.968956347078528 8.205718517719344 7.243637635027467 -0.7750815536498814 3.301360588469958 -7.299406023489356 -9.541795658299161 -5.083889570798611 -1.8435219507975247
-5.51798392425662 8.229000795459111 5.9303372074303295 8.328231055479211 -9.238415948721586 5.145328491394213 2.4886352408956065 7.346239121903908 3.6185785780668613 -8.347581465057802
-1.0288331971397895 5.737609528446862 -0.579303312955294 7.8384089953381615 -3.048047194799824 2.222628038460229 5.772715172632711 7.6204806611987905 -0.5991223025759955 8.820025278459868
-3.4927324362168406 6.712197308072019 -2.0673500406213505 8.2543651706994 -4.314450455110184 2.4999742215372276 7.115937053174223 7.906421542281775 -0.5389149331425326 9.74623865167118
-4.36831665465667 7.913871112729301 8.326955753250505 8.753247811574532 -10.315557890257232 4.088020594881208 -0.04596522908504852 10.216248864401207 4.257381506431767 -7.294299332139715
-2.018008398942501 6.339185481767673 -2.651158501561213 8.011762204855227 -3.397329534245596 1.5782944420473437 4.66192168164306 7.076866594410725 -2.5893510532974338 11.366317422110093
-5.677485224094567 9.140749104513969 6.6597779798371235 9.065581490741032 -10.823447973977473 3.313326761569215 3.37055533817813 10.172223828885574 2.917960764307918 -8.821122815183308
-1.1800412944855467 -10.277074041966243 8.715488033840888 6.771811038174618 -0.41547489361725076 4.406189432012558 -7.303180260961024 -10.165395926948081 -5.01581585635552 -2.000169089582657
8.347933667398696 -4.582397818717693 8.044494477200823 4.181683508322386 -7.035920097713738 6.176232485981662 -9.078753623851131 -8.752536697752324 5.563236370935795 0.307687169706637
-1.9318017028772023 5.648457524023629 -3.5425897293913655 10.075133825590761 -3.491786630459481 0.08291812078447436 6.828957859257933 7.237499866112466 -1.6992651534443732 8.348196201009582
3.779179255794677 6.289822499752393 6.208454607680874 1.2437410193659368 6.866137538244217 3.5864588484036717 -4.572956420756207 5.109423111632089 -7.516900076975707 -7.282072508799535
3.7481424195586 8.578835602499513 5.892459698210368 -0.6432768901970731 11.506883562446303 5.163250348243573 -4.7607520571345106 5.1862376600020985 -7.05761857243314 -6.3645934160944275
-0.7296087276122297 -9.493081153038428 9.110798925691574 6.936708913711717 -0.9000337899463672 1.2002392576045589 -7.146186267935896 -11.418364838574828 -5.033935009791292 -1.9927702249256516
-5.139158051638991 11.227482477987966 6.987441441300386 7.3009294744727145 -9.551480550151291 3.787307083552588 1.4614805041118086 9.88769123030578 4.265322900600317 -7.000842601440498
5.093839359824967 7.260936749188081 5.358048516078881 0.7569779590020196 11.51576750065146 3.5792881255004527 -3.6542870469352557 5.359007641105712 -7.884293300751233 -8.3489941342749
-3.252249288638481 8.245286354503495 4.378417052767642 5.45190725298705 -8.481716458150267 3.516873057399358 -0.981160040289581 9.921340722257394 4.272619921462938 -9.506883551164517
5.66061958911624 -2.4240095897035174 4.741428441715422 3.4627217555149756 -5.660802556556711 8.375276391136714 -8.063232246846708 -9.343182632518722 5.160886608721587 1.9912682494663831
-1.4579615731622306 -9.773414690417576 8.206580321783711 7.613385269074933 -0.7573438769559024 4.941158389599997 -7.214472915582332 -9.558419186386178 -6.034459853613413 -2.8375057845571567
3.4289786254795676 8.336618825965612 5.980138016161717 0.7184983827290203 10.586730432732912 5.870230093223727 -5.731847433867022 5.057634083608889 -7.022010177240966 -3.1160643993419175
7.305141291124046 -3.284127188378299 5.829598232201466 3.0767749855582105 -6.88566006845351 8.26567367228781 -8.232116249058942 -8.515240741013058 6.559800155060185 1.633274179500786
-0.990952782618167 -9.137970237170272 8.82739640808875 5.559615369650623 -1.790585973472667 5.278486955042027 -7.445308676960963 -10.822115029608204 -3.5765602613072263 -3.1022748111136336
-4.506859135852803 6.9860487469497246 7.234425177804534 6.301823616097609 -8.765127451940305 2.558744504103384 2.8066814863118816 7.50763482927074 3.2902298884090895 -8.089626363019475
-5.150127696073058 7.415733869422332 4.912999038269123 7.963565062557277 -9.648424778982776 3.7195650015387427 2.7161143071022233 10.846363617304888 5.386500304025458 -8.251632006061156
-5.15375928810368 7.667436749281378 4.772560230221604 7.14256885233406 -7.959607394364817 4.14604964932256 0.9157587502284166 10.770791876786252 3.8438933434244107 -8.168343382855772
4.037545846671004 7.6333750100656586 5.077352031748317 2.066203292301897 8.55687872244253 6.497922139217174 -4.332313892170078 3.187744976635001 -7.027147631416035 -5.862573858874037
7.9587015851569065 -3.2385895344365383 6.38552844540592 3.8621604520208463 -6.924002754701448 7.817427271294891 -11.43009330600837 -5.549356277525538 4.287024675584549 2.291217197999697
6.035402523468042 -3.0983721330292977 6.938949975595487 5.277475615797675 -4.137772070512479 6.140541439962657 -10.907003337871464 -9.113258700369771 3.0210345164701504 1.6778801914830908
-4.0880892430502165 6.973680936508514 8.670773548632589 8.11989909149803 -6.602907875955559 4.530121780974954 2.8679382199765784 10.320725739676337 3.890570787750187 -9.07785651771572
-5.128413557990597 8.00277250896781 6.7558150134276405 7.488939020186469 -11.655320302035403 3.044021496284084 1.9190447502915169 9.826122243804026 6.665485026833105 -8.554390318996973
-0.4287774983014997 -9.438998371197856 9.248228377944292 5.449294857766176 -1.7106012929070142 4.623149329643809 -7.32542184058916 -10.370638673650799 -4.993401987978431 -2.5393769751823427
-4.595191914293847 7.7683231832865465 7.927079837812681 8.279844000196272 -8.833569516882104 3.3242604147015378 1.9585753406356143 10.32764353221284 5.537007810129603 -7.695814485460368
-0.21473363852112348 -9.639873203026927 8.089328339868393 5.556105492754359 -0.360152311383825 4.709465614413137 -7.240409241998666 -7.718854671741894 -4.542018232433598 -2.016176535701099
-4.8137706204237185 7.721921638812321 6.099532072154371 6.389880463091442 -8.364594535962087 5.157155078492494 2.12415278013227 10.013574708132998 5.213271753369501 -8.753649758579112
5.756799358791065 -0.6132413534845989 5.4031181211144865 3.840360403625327 -5.18864043257992 5.877405195382324 -9.76758773505138 -8.129283999938961 7.425860994185173 3.048532110099223
-1.8443603477624344 4.8179260260771635 -0.2571919539610259 9.381851555866522 -5.509521640858966 1.3108437038502343 4.48686614056729 7.344079366173393 -1.2641380413783763 9.440998649114997
4.023283360757196 8.73010719149521 6.456058386452006 -0.2800051271770847 9.249547737263946 4.146988329703965 -5.276687913929641 4.133612284208343 -6.627822863435559 -7.457961065836503
6.238582166030324 -2.194669244471445 6.483412516960945 4.269501903893624 -6.552591387918174 8.523601577008346 -8.843306087206084 -6.576079721255246 5.753008388414636 1.6132512931030223
3.649710131072649 6.71020498559001 5.721886949390574 -0.28520030736568147 8.67560717057613 4.489962885664725 -4.630904894249455 3.3454425955916998 -6.336985790838137 -7.619724682886338
5.605951148679584 -5.464487668599834 6.760098171463495 3.064738113458075 -6.450067638457301 6.484934351758643 -10.35606271426682 -8.423868267632262 4.123030557745137 -0.3960063595297787
-1.1147997075692881 -11.366150849071252 5.939662396074834 6.983026011474954 0.5149504421619691 1.4769726725817076 -6.750105160215933 -11.514253316582565 -4.053237224613138 -1.2989561984951536
-0.4330137221768422 6.657026409036811 -3.023363379797121 8.461247527908139 -3.5270441376159027 0.6333017174692377 5.627463993644964 7.2338399788967935 -1.8301713715990546 12.95608113537683
-2.4336760254583947 -9.945862922828132 8.165076051920524 7.145375144228707 -1.6508096582920109 4.527258574499363 -6.71339953895662 -10.15512170439724 -7.652278409431533 -3.126995181696205
-1.1099373611392154 -11.183688885865001 8.291141923410056 7.4849588077169615 -1.4652985462220123 3.1679729802096928 -8.411953487367914 -9.969477002184837 -6.779127533229525 -2.43879677262337
6.582237539454108 -4.9507887352452915 6.162501951555373 3.923072193645828 -6.212933059000492 7.455807394246708 -7.056945941870497 -8.465978515552028 6.296414276080339 1.9441255082493465
-5.5287802818641865 8.352230331537049 7.438069975701871 8.045819171844704 -7.913421965338468 2.8868082537535766 1.999309075984524 10.125069351675045 5.192019565437346 -8.413304233623242
4.255734990440591 -2.9518418111108007 6.088641391132872 4.497075901365826 -6.531584531060146 6.435821018399912 -7.711289041891989 -8.863266620732281 5.9341867473367556 1.2967240477170514
-0.3266365426281659 7.705691627412759 -2.839901471984198 7.738605729472731 -2.9291705672230814 2.0071785100802293 6.740988638764037 8.624369426055852 -0.45442447334840785 9.527303609934947
1.3074845092813643 -10.18918055549963 7.096519339858284 5.405505606564878 -0.6737682243557784 4.06419234580907 -8.141889626525185 -10.479074479176727 -5.274297368985179 -2.0772783377500033
-3.47271116183161 8.083660379347283 6.943372439970783 8.203048818338038 -11.304838000516892 3.2000360208576226 2.5705874468730987 9.770143051101423 3.9754503387776206 -8.594221617096569
-1.8712053743382204 5.226432748026468 -1.650864989011696 9.236380162051391 -3.335390517893685 0.16707335135532186 5.347315422565153 6.839900045849381 -2.6052278909599673 10.798594572422314
-3.733243728273114 5.843502442719661 -0.6848508040881365 8.029046819284398 -5.035277026764962 0.8984683381836078 6.0757251532264975 7.611059085892612 -1.5356327749380752 8.944147041239082
-3.1797767971840365 8.413292628118773 7.963423608730092 8.172193092340434 -10.000509159629624 3.0808172600808548 1.236995545831737 10.535357337288417 4.744573046130464 -7.908555757220582
-2.037316799374309 6.4755450042613685 -2.8635389996736818 7.77977218559615 -1.831733254083968 1.1692805000045434 7.387014035369438 8.36876107226799 -0.5696490308596023 9.795708211780145
-1.2425609678456135 7.225083370759942 -2.785349203955598 9.404116966756956 -3.588588495901644 -0.32379924513287306 5.114401874461251 8.357003263510215 -1.2420822688196775 9.728944648381386
-2.1281808455832865 -9.595523398825938 9.11947418420173 6.5228218934264675 0.22095629242275172 3.556495668607541 -6.6002454285848735 -9.959274263051322 -5.786100890619474 -2.421887141717983
6.67530333793864 -3.194498698687395 5.692654652790029 3.0389254667339145 -4.920930795177969 8.487487814060609 -10.066544669675794 -7.313833978739165 7.4230882141264445 1.835120999258499
-3.9001738261790804 6.765513981084053 5.445433788681788 9.088644439141685 -9.42600549991606 2.677753306818423 1.9016189050887828 10.37170142967681 4.199564238013676 -7.8751873639961465
2.430992428570791 -8.941813599090224 9.593579572195212 6.452950614834886 -1.3076528077023493 4.036263074608333 -7.022036268929843 -10.694609396755151 -3.1841339596313922 -3.048706400684542
-1.3921209630221045 -10.950254479638225 10.253361355336832 7.634563925571394 -0.10468811633812602 1.6011870807388915 -8.088046525034681 -10.801604636601697 -4.999744765690739 -2.58360705971835
0.11217562789280722 -9.765490565131424 9.569580944896522 7.809110456108664 0.04896354396719693 4.524903779464602 -7.028166596230089 -11.340140198991504 -3.0290893009635402 -1.8899133322740689
-4.240852293496467 8.539718089469497 5.880776753344738 9.20418884971198 -6.704744905117408 4.377241813841824 2.378597125241796 8.892597536895476 3.1796182868346725 -9.575688693791694
-0.8859096100517176 5.936346112979431 -1.7906085092467097 9.09388275189516 -2.623749601974608 1.4665994846628183 7.52987949265499 5.903292445919886 -0.8401368462582365 8.781168092531049
1.9704086522303303 7.789274453516247 6.600711564561383 -1.1941832360975122 9.533191087322567 6.067407244885443 -6.991172326306443 3.6301860073851864 -6.833799331981917 -7.736512493001641
-3.363965200456019 6.506379360411116 -2.13399547900193 9.271812463860265 -2.8343118160478538 1.0816315017922147 3.7833220298040864 5.754718626855983 1.1620304011711962 8.919454822759915
-0.151483968217901 -8.55190211095192 10.814899369887048 5.517407592009372 -1.2824727557301798 3.8224014933286528 -8.148732030740426 -9.598189100251076 -6.7117525938969 -3.5240498325693244
5.591379391582608 -2.6907261151102735 7.531519697445086 6.714889193682282 -6.562885872431546 7.239875496172924 -7.237640290337333 -7.666438035754606 5.019974143882282 -0.7891536575688236
6.363592786240871 -3.27066600890846 7.576062571742913 3.2021138215665634 -6.267960268442177 7.4559161580447135 -8.256876329677636 -8.346377714508286 5.081707609835503 0.6354456611230183
-0.550089826034175 -10.659003175307632 8.472576184715209 8.203736827824759 -2.8210212879982106 2.443069173032072 -7.583072731128667 -9.661131879215716 -5.142037487694337 -3.4606052397799654
-1.3973924545565435 -9.594495589122584 9.923532915417574 6.43565060706849 -0.7995135531786597 4.185709270280137 -6.849570223444954 -11.620707870555893 -5.543405559631154 -3.437277869247287
4.090636923664647 8.327360206601199 6.591159006127982 -0.766540932096204 10.100686598645861 3.8617894502108276 -3.961946974647197 4.622962259873077 -6.527252275968155 -5.226512760423804
6.258951269311313 -2.0209122176532044 5.744916125674422 4.353469276649189 -6.107968849912497 7.012650028203257 -9.7436197966548 -7.954255299773524 5.264214633319104 3.06457384828932
-3.092921931380073 7.884015117532279 -4.741188804958361 7.969463424554607 -4.6800940347416855 1.7471114707313733 7.935298510916114 7.640277402747496 -0.2058267260490726 8.760834451063205
-4.787444466544909 7.692815776031999 6.973615771007118 8.607800548643937 -9.488057148125664 2.4974192295408955 2.0509885051317895 10.401952212206204 5.765811568775583 -10.498312061917511
7.1009279428749 -1.5811831680887958 7.603442883328254 2.544127615225734 -6.990866685745523 7.563503896856494 -7.457873412203102 -9.810660839467893 5.0987291619227 0.3078148867889726
-4.447569831928252 10.153339011808939 5.129118820367676 5.708804381943967 -8.946413065872584 2.2899758069627403 1.3540998137276898 9.02237545846479 4.997898311965147 -8.590049488486917
4.936649178055224 -2.926770300688392 6.4615571562713585 3.7062080533734627 -7.384393748487431 6.858056057002265 -8.831994862111832 -6.718366680888648 5.078277239344473 1.9486885455339271
0.734950011906109 -8.862487928753142 9.77822029588197 4.886474097458472 -2.044746100392387 3.2858787343518623 -6.022168266308945 -11.968779747682891 -6.100340177513595 -2.1435023465963976
7.916092269695687 -3.0291573548186284 5.917398499044163 3.2038981272459557 -5.650217153275766 7.442792653240195 -9.774010810968658 -7.019275744800891 5.757242890879026 1.6938513233544699
-3.4175177312784615 7.285503900405828 -3.8550849415884487 8.715469020935764 -2.9036742442855483 0.603086449965064 6.150068369989885 7.6748818750033205 -1.3653893950400442 9.386027462979769
5.952768165845981 -2.7521536715762775 4.154500703614314 3.49833610410621 -5.183556274343129 7.076018831509135 -7.688897156806385 -8.693718739299767 5.545860834739739 1.3120961475741046
-2.589551470348954 6.053703122741955 -2.8546715081049796 8.307468973460397 -3.4374052654786382 -2.4306055744924064 4.2926889154276 7.386562700284872 -0.5010383083436383 9.403688325571956
-5.643117050689497 6.957082492491455 6.492153629807348 8.044356993538795 -8.29594060130521 3.36257234222689 2.318162419056322 8.666987677224395 5.028870942314932 -7.424093044620075
5.816851385009788 6.301672509740035 6.082196376127338 0.27782397703477874 8.41724080686115 4.769667715945559 -5.526896695228263 4.631120061404163 -6.947350368694493 -5.2417093704946724
-4.336143333554506 8.663627455590321 5.576128124861478 8.380889571468291 -9.247131658770808 3.6522056735170585 3.4228853351267747 9.533915894187716 3.639414768538468 -7.5702063122601695
-1.9712550182372315 -11.190655767833702 9.413077657512439 5.432288996531482 -1.329200798124833 4.249773108487682 -7.696637690305289 -8.697231034025139 -6.137251499428258 -1.6425832331287622
2.9280950608890315 9.815168195114742 4.320205818934467 -0.22201717182071445 9.776696735576675 4.779605578689646 -4.855685734604105 5.123390494536714 -7.380961240882798 -7.655753941193978
5.607479910387592 9.413406100600254 7.379361359851507 0.4444692047221893 9.556687806491249 4.336703571861714 -4.0484237539299235 2.648210910916192 -7.701490233874475 -6.446046191384971
5.183362448590152 -1.733832448564613 5.195155453193918 3.535155891171362 -5.97574177312183 6.601844831422823 -8.779865262918467 -7.998988181046398 5.964668731932778 2.7050577824697557
-1.439532541105741 7.745992089347059 -1.3235702826794205 7.483326315641764 -3.907138605284741 0.18085624899849229 5.644663451918733 9.120056372115169 -0.08495081857048814 10.17880395403189
-1.783474508969259 7.63346899067424 -3.032383929030698 8.344339764850917 -3.8895736891090755 0.43873829313804424 4.535749975398087 7.8413615517497615 0.11676839244112824 10.860208869508375
8.055489534872136 -3.749417695187976 6.011411312037317 3.13356501167988 -6.031485294902093 8.481020707844106 -7.320451133472631 -8.279761284630357 7.159620824836294 0.6659683095868557
-2.5685066323922197 -6.730820100895631 9.32785436411647 8.260228804862585 -1.6614011219940483 3.0655644511199 -6.170500759021469 -7.706577614922727 -4.3283570884784455 -3.0808227397367265
-4.4701858851945175 7.486965546577272 7.206569714495913 7.919327792694983 -10.230006880167947 5.450988105232549 1.212881737470981 8.65268294198598 2.6652631116231227 -4.721039895841837
3.552224006450745 9.588329964594521 4.578192444338554 0.384635486500412 10.689552811250023 3.998955528643158 -4.809707484986653 4.0768806096018695 -7.1317053446003555 -5.646999110849214
3.7395781574385283 9.30447027563828 6.129841819758471 0.6355949529257828 8.480781079708057 4.394764970806495 -4.8922800335857115 6.659626859095754 -7.300543416072124 -6.282964540273555
5.588076848538075 -4.100221149583101 8.642650404825975 2.129930994653037 -6.266146186835937 6.2858040790333805 -9.088918645558854 -8.709855886207198 5.776975586936109 0.9901869198499688
2.7002852675129136 7.838470351286274 6.055102682525625 1.1667917947985669 9.365969708090638 4.125786983273604 -3.9256758089366084 3.5715307355701014 -8.786762607168063 -5.042452568670548
-0.27728454846099104 -9.076134950872836 9.801693100763389 6.735884042025673 -1.5326604742697842 3.379344534336407 -6.0752067864494315 -8.055238522842767 -4.091149543845567 -1.6484519097265764
-3.5174114340010068 6.906832227582861 6.081211182064559 8.496542459491408 -8.713709694941159 3.4709276237217317 1.7754193401568656 11.180495388994732 3.4472658691708284 -8.005842539110139
-1.0013209604890472 7.068343501117325 -2.8388602516716177 7.619775703429922 -3.803302823134584 -0.031246222229095677 7.889546987600829 8.67487139065996 -1.1136657992379586 8.930528239302243
6.454920019839266 -2.6363761686393707 7.177998734638271 4.783045752574708 -5.412603448379699 8.800956194055399 -8.301886079639125 -8.075196295031684 4.427771516680451 0.7768947126715422
-0.7745008578024548 8.270970621094794 -3.9590508676523273 8.424391587509705 -1.7837520162162228 0.42619645718852395 6.816220537891043 8.027756242643234 -1.9036225523956167 8.649437262178512
3.248286075147218 8.493258060420823 4.63735951595293 1.4893584779188997 10.608996081865634 3.4023627096345375 -4.481405922685749 4.1977768958579595 -6.731933567739465 -6.23876963003605
